ORIGINAL_SKMS
CpV0[0]-160CpV0[1]-180
2-1.690
440
'ORIGINAL_SKMS'110.230.5
0-1303
01202
print inin_INI in main1
MAX_ITER_INI: 201Parity_INI: 1Do_FITT_INI: 0
100
print_functional_parameters()
100
Inside solver
110
Inside gfv
   1 0               1               1              
  -1 1               1               1              
   1 1.4142136       2               1.4142136      
  -1 1.7320508       6               2.4494897      
   1 2               24              4.8989795      
  -1 2.236068        120             10.954451      
   1 2.4494897       720             26.832816      
  -1 2.6457513       5040            70.992957      
   1 2.8284271       40320           200.79841      
  -1 3               362880          602.39522      
   1 3.1622777       3628800         1904.9409      
  -1 3.3166248       39916800        6317.9744      
   1 3.4641016       4.790016e+08    21886.105      
  -1 3.6055513       6.2270208e+09   78911.474      
   1 3.7416574       8.7178291e+10   295259.7       
  -1 3.8729833       1.3076744e+12   1143535.9      
   1 4               2.092279e+13    4574143.6      
  -1 4.1231056       3.5568743e+14   18859677       
   1 4.2426407       6.4023737e+15   80014834       
  -1 4.3588989       1.216451e+17    3.4877658e+08  
   1 4.472136        2.432902e+18    1.5597763e+09  
  -1 4.5825757       5.1090942e+19   7.1477928e+09  
   1 4.6904158       1.1240007e+21   3.352612e+10   
  -1 4.7958315       2.5852017e+22   1.6078562e+11  
   1 4.8989795       6.204484e+23    7.8768547e+11  
  -1 5               1.551121e+25    3.9384274e+12  
   1 5.0990195       4.0329146e+26   2.0082118e+13  
  -1 5.1961524       1.0888869e+28   1.0434975e+14  
   1 5.2915026       3.0488834e+29   5.5216695e+14  
  -1 5.3851648       8.841762e+30    2.97351e+15    
   1 5.4772256       2.6525286e+32   1.6286585e+16  
  -1 5.5677644       8.2228387e+33   9.0679869e+16  
   1 5.6568542       2.6313084e+35   5.129628e+17   
  -1 5.7445626       8.6833176e+36   2.946747e+18   
   1 5.8309519       2.952328e+38    1.718234e+19   
  -1 5.9160798       1.0333148e+40   1.0165209e+20  
   1 6               3.7199333e+41   6.0991256e+20  
  -1 6.0827625       1.3763753e+43   3.7099532e+21  
   1 6.164414        5.2302262e+44   2.2869688e+22  
  -1 6.244998        2.0397882e+46   1.4282115e+23  
   1 6.3245553       8.1591528e+47   9.0328029e+23  
  -1 6.4031242       3.3452527e+49   5.7838159e+24  
   1 6.4807407       1.4050061e+51   3.7483411e+25  
  -1 6.5574385       6.0415263e+52   2.4579516e+26  
   1 6.6332496       2.6582716e+54   1.6304207e+27  
  -1 6.7082039       1.1962222e+56   1.0937194e+28  
   1 6.78233         5.5026222e+57   7.4179661e+28  
  -1 6.8556546       2.5862324e+59   5.0855014e+29  
   1 6.9282032       1.2413916e+61   3.5233387e+30  
  -1 7               6.0828186e+62   2.4663371e+31  
   1 7.0710678       3.0414093e+64   1.7439637e+32  
  -1 7.1414284       1.5511188e+66   1.2454392e+33  
   1 7.2111026       8.0658175e+67   8.9809897e+33  
  -1 7.2801099       4.2748833e+69   6.5382592e+34  
   1 7.3484692       2.308437e+71    4.8046196e+35  
  -1 7.4161985       1.2696403e+73   3.5632013e+36  
   1 7.4833148       7.1099859e+74   2.6664557e+37  
  -1 7.5498344       4.052692e+76    2.0131299e+38  
   1 7.6157731       2.3505613e+78   1.533154e+39   
  -1 7.6811457       1.3868312e+80   1.177638e+40   
   1 7.7459667       8.3209871e+81   9.1219445e+40  
  -1 7.8102497       5.0758021e+83   7.1244664e+41  
   1 7.8740079       3.1469973e+85   5.6098104e+42  
  -1 7.9372539       1.9826083e+87   4.452649e+43   
   1 8               1.2688693e+89   3.5621192e+44  
  -1 8.0622577       8.2476506e+90   2.8718723e+45  
   1 8.1240384       5.4434494e+92   2.3331201e+46  
  -1 8.1853528       3.6471111e+94   1.9097411e+47  
   1 8.2462113       2.4800355e+96   1.5748129e+48  
  -1 8.3066239       1.7112245e+98   1.3081378e+49  
   1 8.3666003       1.1978572e+100  1.0944666e+50  
  -1 8.4261498       8.5047859e+101  9.2221396e+50  
   1 8.4852814       6.1234458e+103  7.8252449e+51  
  -1 8.5440037       4.4701155e+105  6.6858922e+52  
   1 8.6023253       3.3078854e+107  5.7514219e+53  
  -1 8.660254        2.4809141e+109  4.9808775e+54  
   1 8.7177979       1.8854947e+111  4.3422283e+55  
  -1 8.7749644       1.4518309e+113  3.8102899e+56  
   1 8.8317609       1.1324281e+115  3.3651569e+57  
  -1 8.8881944       8.9461821e+116  2.9910169e+58  
   1 8.9442719       7.1569457e+118  2.6752468e+59  
  -1 9               5.797126e+120   2.4077222e+60  
   1 9.0553851       4.7536433e+122  2.1802852e+61  
  -1 9.1104336       3.945524e+124   1.9863343e+62  
   1 9.1651514       3.3142401e+126  1.8205055e+63  
  -1 9.2195445       2.8171041e+128  1.6784231e+64  
   1 9.2736185       2.4227095e+130  1.5565056e+65  
  -1 9.3273791       2.1077573e+132  1.4518117e+66  
   1 9.3808315       1.8548264e+134  1.3619201e+67  
  -1 9.4339811       1.6507955e+136  1.2848329e+68  
   1 9.486833        1.485716e+138   1.2188995e+69  
  -1 9.539392        1.3520015e+140  1.162756e+70   
   1 9.591663        1.2438414e+142  1.1152764e+71  
  -1 9.6436508       1.1567725e+144  1.0755336e+72  
   1 9.6953597       1.0873662e+146  1.0427685e+73  
  -1 9.7467943       1.0329978e+148  1.016365e+74   
   1 9.797959        9.9167793e+149  9.9583027e+74  
  -1 9.8488578       9.619276e+151   9.8077908e+75  
   1 9.8994949       9.4268904e+153  9.7092175e+76  
  -1 9.9498744       9.3326215e+155  9.6605494e+77  
   1 10              9.3326215e+157  9.6605494e+78  
  -1 10.049876       9.4259478e+159  9.708732e+79   
   1 10.099505       9.6144667e+161  9.8053387e+80  
  -1 10.148892       9.9029007e+163  9.9513319e+81  
   1 10.198039       1.0299017e+166  1.0148407e+83  
  -1 10.246951       1.0813968e+168  1.0399023e+84  
   1 10.29563        1.1462806e+170  1.0706449e+85  
  -1 10.34408        1.2265202e+172  1.1074837e+86  
   1 10.392305       1.3246418e+174  1.1509308e+87  
  -1 10.440307       1.4438596e+176  1.2016071e+88  
   1 10.488088       1.5882455e+178  1.2602561e+89  
  -1 10.535654       1.7629526e+180  1.3277622e+90  
   1 10.583005       1.9745069e+182  1.4051715e+91  
  -1 10.630146       2.2311927e+184  1.4937178e+92  
   1 10.677078       2.5435597e+186  1.5948541e+93  
  -1 10.723805       2.9250937e+188  1.7102905e+94  
   1 10.77033        3.3931087e+190  1.8420393e+95  
  -1 10.816654       3.9699372e+192  1.9924701e+96  
   1 10.86278        4.6845258e+194  2.1643765e+97  
  -1 10.908712       5.5745858e+196  2.3610561e+98  
   1 10.954451       6.6895029e+198  2.5864073e+99  
  -1 11              8.0942985e+200  2.8450481e+100 
   1 11.045361       9.8750442e+202  3.1424583e+101 
  -1 11.090537       1.2146304e+205  3.4851549e+102 
   1 11.135529       1.5061417e+207  3.8809042e+103 
  -1 11.18034        1.8826772e+209  4.3389828e+104 
   1 11.224972       2.3721732e+211  4.8704961e+105 
  -1 11.269428       3.01266e+213    5.4887704e+106 
   1 11.313708       3.8562048e+215  6.2098348e+107 
  -1 11.357817       4.9745042e+217  7.0530165e+108 
   1 11.401754       6.4668555e+219  8.0416761e+109 
  -1 11.445523       8.4715807e+221  9.204119e+110  
   1 11.489125       1.1182487e+224  1.0574728e+112 
  -1 11.532563       1.4872707e+226  1.2195371e+113 
   1 11.575837       1.9929427e+228  1.4117162e+114 
  -1 11.61895        2.6904727e+230  1.640266e+115  
   1 11.661904       3.6590429e+232  1.9128625e+116 
  -1 11.7047         5.0128887e+234  2.2389481e+117 
   1 11.74734        6.9177865e+236  2.6301685e+118 
  -1 11.789826       9.6157232e+238  3.100923e+119  
   1 11.83216        1.3462012e+241  3.6690615e+120 
  -1 11.874342       1.8981438e+243  4.3567692e+121 
   1 11.916375       2.6953641e+245  5.1916896e+122 
  -1 11.958261       3.8543707e+247  6.2083578e+123 
   1 12              5.5502938e+249  7.4500294e+124 
  -1 12.041595       8.0479261e+251  8.9710234e+125 
   1 12.083046       1.1749972e+254  1.0839729e+127 
  -1 12.124356       1.7272459e+256  1.3142473e+128 
   1 12.165525       2.5563239e+258  1.5988508e+129 
  -1 12.206556       3.8089226e+260  1.9516461e+130 
   1 12.247449       5.713384e+262   2.3902686e+131 
  -1 12.288206       8.6272098e+264  2.9372112e+132 
   1 12.328828       1.3113359e+267  3.6212372e+133 
  -1 12.369317       2.0063439e+269  4.479223e+134  
   1 12.409674       3.0897696e+271  5.5585696e+135 
  -1 12.4499         4.7891429e+273  6.9203634e+136 
   1 12.489996       7.4710629e+275  8.6435311e+137 
  -1 12.529964       1.1729569e+278  1.0830313e+139 
   1 12.569805       1.8532719e+280  1.3613493e+140 
  -1 12.60952        2.9467023e+282  1.7165961e+141 
   1 12.649111       4.7147236e+284  2.1713414e+142 
  -1 12.688578       7.5907051e+286  2.7551234e+143 
   1 12.727922       1.2296942e+289  3.5066996e+144 
  -1 12.767145       2.0044016e+291  4.4770544e+145 
   1 12.806248       3.2872186e+293  5.7334271e+146 
  -1 12.845233       5.4239107e+295  7.3647204e+147 
   1 12.884099       9.0036917e+297  9.4887785e+148 
  -1 12.922848       1.5036165e+300  1.2262204e+150 
   1 12.961481       2.5260757e+302  1.5893633e+151 
  -1 13              4.269068e+304   2.0661723e+152 
   1 13.038405       7.2574156e+306  2.6939591e+153 
